sessionId,trackId,totalLaps,trackLength,weather,trackTemp,airTemp
10230136787177318441,Mexico,36,4525,0,31,23
1087987310493855854,Monza,27,5798,0,33,26
11752605864096667831,Marina Bay,31,5063,0,29,25
12837930614967511104,Sochi,27,5824,0,29,19
14577742557187250604,Montreal,35,4371,0,29,20
15052023430595064811,Baku,26,5994,0,35,28
15313198597432510041,Suzuka,27,5817,0,29,21
15525718781239906836,Hanoi,28,5606,0,33,25
16345687902545417755,Hungaroring,35,4378,0,34,27
17192138584092610649,Shanghai,28,5441,0,29,20
17729863945523124675,Monaco,39,3323,0,30,22
2048465535648368309,Brazil,36,4294,0,32,24
2909858075704986992,Melbourne,29,5301,0,30,22
3335673977098133433,Sakhir,29,5408,0,30,25
367597643936668713,Yas Marina,28,5547,0,32,26
4048657932346004126,Spa,22,7003,0,30,21
4387289034743635457,Paul Ricard,27,5815,0,31,23
470723873226893378,Zandvoort,36,4257,0,29,20
4873310982705891749,Silverstone,26,5896,0,30,22
7308984749534057828,Catalunya,33,4650,0,33,26
8377650301140219417,RedBull Ring,36,4323,0,30,21
8690837730174169160,Austin,28,5514,0,28,20
